427
660
-8.673617379883999842e-19 1.000000000000000021e-02 1.000000000000000021e-02
-1.734723475976799968e-18 1.000000000000000021e-02 2.000000000000000042e-02
-8.673617379883999842e-19 0.000000000000000000e+00 1.000000000000000021e-02
-1.734723475976799968e-18 0.000000000000000000e+00 2.000000000000000042e-02
1.000000000000000021e-02 1.000000000000000021e-02 1.000000000000000021e-02
1.000000000000000021e-02 0.000000000000000000e+00 1.000000000000000021e-02
9.999999999999998473e-03 1.000000000000000021e-02 2.000000000000000042e-02
9.999999999999998473e-03 0.000000000000000000e+00 2.000000000000000042e-02
0.000000000000000000e+00 1.000000000000000021e-02 0.000000000000000000e+00
0.000000000000000000e+00 0.000000000000000000e+00 0.000000000000000000e+00
1.000000000000000021e-02 1.000000000000000021e-02 0.000000000000000000e+00
1.000000000000000021e-02 0.000000000000000000e+00 0.000000000000000000e+00
-1.734723475976799968e-18 1.000000000000000021e-02 1.200000000000000025e-02
-1.734723475976799968e-18 1.000000000000000021e-02 1.400000000000000029e-02
-1.734723475976799968e-18 1.000000000000000021e-02 1.600000000000000033e-02
-1.734723475976799968e-18 1.000000000000000021e-02 1.800000000000000211e-02
-1.734723475976799968e-18 2.000000000000000042e-03 1.000000000000000021e-02
-1.734723475976799968e-18 4.000000000000000083e-03 1.000000000000000021e-02
-1.734723475976799968e-18 6.000000000000000125e-03 1.000000000000000021e-02
-1.734723475976799968e-18 8.000000000000000167e-03 1.000000000000000021e-02
-1.734723475976799968e-18 0.000000000000000000e+00 1.200000000000000025e-02
-1.734723475976799968e-18 0.000000000000000000e+00 1.400000000000000029e-02
-1.734723475976799968e-18 0.000000000000000000e+00 1.600000000000000033e-02
-1.734723475976799968e-18 0.000000000000000000e+00 1.800000000000000211e-02
-1.734723475976799968e-18 2.000000000000000042e-03 2.000000000000000042e-02
-1.734723475976799968e-18 4.000000000000000083e-03 2.000000000000000042e-02
-1.734723475976799968e-18 6.000000000000000125e-03 2.000000000000000042e-02
-1.734723475976799968e-18 8.000000000000000167e-03 2.000000000000000042e-02
1.999999999999997873e-03 1.000000000000000021e-02 1.000000000000000021e-02
3.999999999999997481e-03 1.000000000000000021e-02 1.000000000000000021e-02
5.999999999999998390e-03 1.000000000000000021e-02 1.000000000000000021e-02
7.999999999999998432e-03 1.000000000000000021e-02 1.000000000000000021e-02
9.999999999999998473e-03 2.000000000000000042e-03 1.000000000000000021e-02
9.999999999999998473e-03 4.000000000000000083e-03 1.000000000000000021e-02
9.999999999999998473e-03 6.000000000000000125e-03 1.000000000000000021e-02
9.999999999999998473e-03 8.000000000000000167e-03 1.000000000000000021e-02
1.999999999999997873e-03 0.000000000000000000e+00 1.000000000000000021e-02
3.999999999999997481e-03 0.000000000000000000e+00 1.000000000000000021e-02
5.999999999999998390e-03 0.000000000000000000e+00 1.000000000000000021e-02
7.999999999999998432e-03 0.000000000000000000e+00 1.000000000000000021e-02
1.000000000000000021e-02 1.000000000000000021e-02 1.200000000000000025e-02
9.999999999999998473e-03 1.000000000000000021e-02 1.400000000000000029e-02
9.999999999999998473e-03 1.000000000000000021e-02 1.600000000000000033e-02
9.999999999999996739e-03 1.000000000000000021e-02 1.800000000000000211e-02
9.999999999999998473e-03 2.000000000000000042e-03 2.000000000000000042e-02
9.999999999999998473e-03 4.000000000000000083e-03 2.000000000000000042e-02
9.999999999999998473e-03 6.000000000000000125e-03 2.000000000000000042e-02
9.999999999999998473e-03 8.000000000000000167e-03 2.000000000000000042e-02
1.000000000000000021e-02 0.000000000000000000e+00 1.200000000000000025e-02
9.999999999999998473e-03 0.000000000000000000e+00 1.400000000000000029e-02
9.999999999999998473e-03 0.000000000000000000e+00 1.600000000000000033e-02
9.999999999999996739e-03 0.000000000000000000e+00 1.800000000000000211e-02
1.999999999999997873e-03 1.000000000000000021e-02 2.000000000000000042e-02
3.999999999999997481e-03 1.000000000000000021e-02 2.000000000000000042e-02
5.999999999999998390e-03 1.000000000000000021e-02 2.000000000000000042e-02
7.999999999999998432e-03 1.000000000000000021e-02 2.000000000000000042e-02
1.999999999999997873e-03 0.000000000000000000e+00 2.000000000000000042e-02
3.999999999999997481e-03 0.000000000000000000e+00 2.000000000000000042e-02
5.999999999999998390e-03 0.000000000000000000e+00 2.000000000000000042e-02
7.999999999999998432e-03 0.000000000000000000e+00 2.000000000000000042e-02
0.000000000000000000e+00 1.000000000000000021e-02 2.000000000000000042e-03
0.000000000000000000e+00 1.000000000000000021e-02 4.000000000000000083e-03
0.000000000000000000e+00 1.000000000000000021e-02 6.000000000000000125e-03
0.000000000000000000e+00 1.000000000000000021e-02 8.000000000000000167e-03
0.000000000000000000e+00 2.000000000000000042e-03 0.000000000000000000e+00
0.000000000000000000e+00 4.000000000000000083e-03 0.000000000000000000e+00
0.000000000000000000e+00 6.000000000000000125e-03 0.000000000000000000e+00
0.000000000000000000e+00 8.000000000000000167e-03 0.000000000000000000e+00
0.000000000000000000e+00 0.000000000000000000e+00 2.000000000000000042e-03
0.000000000000000000e+00 0.000000000000000000e+00 4.000000000000000083e-03
0.000000000000000000e+00 0.000000000000000000e+00 6.000000000000000125e-03
0.000000000000000000e+00 0.000000000000000000e+00 8.000000000000000167e-03
2.000000000000000042e-03 1.000000000000000021e-02 0.000000000000000000e+00
4.000000000000000083e-03 1.000000000000000021e-02 0.000000000000000000e+00
6.000000000000000125e-03 1.000000000000000021e-02 0.000000000000000000e+00
8.000000000000000167e-03 1.000000000000000021e-02 0.000000000000000000e+00
1.000000000000000021e-02 2.000000000000000042e-03 0.000000000000000000e+00
1.000000000000000021e-02 4.000000000000000083e-03 0.000000000000000000e+00
1.000000000000000021e-02 6.000000000000000125e-03 0.000000000000000000e+00
1.000000000000000021e-02 8.000000000000000167e-03 0.000000000000000000e+00
2.000000000000000042e-03 0.000000000000000000e+00 0.000000000000000000e+00
4.000000000000000083e-03 0.000000000000000000e+00 0.000000000000000000e+00
6.000000000000000125e-03 0.000000000000000000e+00 0.000000000000000000e+00
8.000000000000000167e-03 0.000000000000000000e+00 0.000000000000000000e+00
1.000000000000000021e-02 1.000000000000000021e-02 2.000000000000000042e-03
1.000000000000000021e-02 1.000000000000000021e-02 4.000000000000000083e-03
1.000000000000000021e-02 1.000000000000000021e-02 6.000000000000000125e-03
9.999999999999998473e-03 1.000000000000000021e-02 8.000000000000000167e-03
1.000000000000000021e-02 0.000000000000000000e+00 2.000000000000000042e-03
1.000000000000000021e-02 0.000000000000000000e+00 4.000000000000000083e-03
1.000000000000000021e-02 0.000000000000000000e+00 6.000000000000000125e-03
9.999999999999998473e-03 0.000000000000000000e+00 8.000000000000000167e-03
-1.734723475976799968e-18 8.362933879517427116e-03 1.488665085741266991e-02
-1.734723475976799968e-18 1.637066120482570924e-03 1.488665085741266991e-02
-1.734723475976799968e-18 5.000000000000000104e-03 1.826794919243112172e-02
-1.734723475976799968e-18 5.060815484130841944e-03 1.132376043070340045e-02
-1.734723475976799968e-18 3.008474738561753119e-03 1.830645590988833754e-02
-1.734723475976799968e-18 3.964488584460974796e-03 1.670567603482518010e-02
-1.734723475976799968e-18 6.031005302709478016e-03 1.672755452357613248e-02
-1.734723475976799968e-18 4.999999999999998369e-03 1.480384757729336954e-02
-1.734723475976799968e-18 6.995291771094890899e-03 1.830376893485308881e-02
-1.734723475976799968e-18 1.693821434767736871e-03 1.300113576604771011e-02
-1.734723475976799968e-18 8.306178565232266373e-03 1.300113576604771011e-02
-1.734723475976799968e-18 6.842154386822445200e-03 1.186527814347427927e-02
-1.734723475976799968e-18 1.882451620900602030e-03 1.683609464897396768e-02
-1.734723475976799968e-18 3.140773139059768824e-03 1.172484642612064976e-02
-1.734723475976799968e-18 8.176622949490064407e-03 1.685686129232082803e-02
-1.734723475976799968e-18 6.785385660760860638e-03 1.387380714874807998e-02
-1.734723475976799968e-18 3.312774089966585064e-03 1.389314418751605093e-02
-1.734723475976799968e-18 5.231079981948774486e-03 1.317584298491641936e-02
-1.734723475976799968e-18 8.535898384862244601e-03 1.853589838486224134e-02
-1.734723475976799968e-18 8.535898384862248070e-03 1.146410161513775061e-02
-1.734723475976799968e-18 1.464101615137755174e-03 1.146410161513775061e-02
-1.734723475976799968e-18 1.464101615137755174e-03 1.853589838486225175e-02
-1.734723475976799968e-18 6.896969712338835677e-03 1.541798135582932161e-02
-1.734723475976799968e-18 3.103030287661160194e-03 1.541798135582932161e-02
8.372448438200787504e-03 5.096679054948581068e-03 1.000000000000000021e-02
1.637066120482570056e-03 5.113349142587333106e-03 1.000000000000000021e-02
5.080519843450137345e-03 8.664914703891413161e-03 1.000000000000000021e-02
4.999999999999998369e-03 1.732050807568876957e-03 1.000000000000000021e-02
3.008474738561750950e-03 1.693544090111664176e-03 1.000000000000000021e-02
3.964488584460974796e-03 3.294323965174819884e-03 1.000000000000000021e-02
6.031094057677539692e-03 3.272314418431930289e-03 1.000000000000000021e-02
4.999999999999999237e-03 5.196152422706631739e-03 1.000000000000000021e-02
1.693821434767734920e-03 6.998864233952286837e-03 1.000000000000000021e-02
6.995295621702624610e-03 1.696225379235136990e-03 1.000000000000000021e-02
6.847650871687174963e-03 8.119089959777378573e-03 1.000000000000000021e-02
8.383692320189350608e-03 6.942276967358650477e-03 1.000000000000000021e-02
3.158900949321986115e-03 8.254796004571355456e-03 1.000000000000000021e-02
8.177657612150016075e-03 3.141343485281809962e-03 1.000000000000000021e-02
1.882451620900601162e-03 3.163905351026035338e-03 1.000000000000000021e-02
3.316223633021805201e-03 6.146205209259527312e-03 1.000000000000000021e-02
6.800969479686984169e-03 6.111246918096528355e-03 1.000000000000000021e-02
5.234115135122346593e-03 6.823163033936778012e-03 1.000000000000000021e-02
8.535898384862242866e-03 1.464101615137755174e-03 1.000000000000000021e-02
8.535898384862244601e-03 8.535898384862248070e-03 1.000000000000000021e-02
1.464101615137751921e-03 1.464101615137755174e-03 1.000000000000000021e-02
1.464101615137753006e-03 8.535898384862246335e-03 1.000000000000000021e-02
3.103030287661158893e-03 4.582018644170680541e-03 1.000000000000000021e-02
6.897502242147207467e-03 4.581232296219056414e-03 1.000000000000000021e-02
9.999999999999996739e-03 5.000000000000000104e-03 1.826794919243112172e-02
1.000000000000000021e-02 5.080519843450139947e-03 1.133508529610858899e-02
9.999999999999998473e-03 1.637066120482570924e-03 1.488665085741266991e-02
9.999999999999998473e-03 8.372448438200789239e-03 1.490332094505142022e-02
9.999999999999996739e-03 3.008474738561753119e-03 1.830645590988833754e-02
9.999999999999998473e-03 3.964488584460974796e-03 1.670567603482518010e-02
9.999999999999998473e-03 6.031094057677539692e-03 1.672768558156807056e-02
9.999999999999998473e-03 4.999999999999998369e-03 1.480384757729336954e-02
9.999999999999996739e-03 6.995295621702626344e-03 1.830377462076485801e-02
9.999999999999998473e-03 1.693821434767736871e-03 1.300113576604771011e-02
1.000000000000000021e-02 6.847650871687175830e-03 1.188091004022262011e-02
9.999999999999998473e-03 1.882451620900602030e-03 1.683609464897396768e-02
1.000000000000000021e-02 3.158900949321986982e-03 1.174520399542863976e-02
9.999999999999998473e-03 8.383692320189352343e-03 1.305772303264134994e-02
9.999999999999998473e-03 8.177657612150016075e-03 1.685865651471819132e-02
9.999999999999998473e-03 3.316223633021805201e-03 1.385379479074046877e-02
9.999999999999998473e-03 6.800969479686984169e-03 1.388875308190347033e-02
9.999999999999998473e-03 5.234115135122345726e-03 1.317683696606321980e-02
9.999999999999996739e-03 8.535898384862244601e-03 1.853589838486224134e-02
1.000000000000000021e-02 8.535898384862246335e-03 1.146410161513775061e-02
1.000000000000000021e-02 1.464101615137755174e-03 1.146410161513775061e-02
9.999999999999996739e-03 1.464101615137755174e-03 1.853589838486225175e-02
9.999999999999998473e-03 3.103030287661160194e-03 1.541798135582932161e-02
9.999999999999998473e-03 6.897502242147207467e-03 1.541876770378093967e-02
5.113349142587330504e-03 1.637066120482570924e-03 2.000000000000000042e-02
5.096679054948580201e-03 8.372448438200789239e-03 2.000000000000000042e-02
8.664914703891411427e-03 5.080519843450139947e-03 2.000000000000000042e-02
1.732050807568876090e-03 5.000000000000000104e-03 2.000000000000000042e-02
1.693544090111662008e-03 3.008474738561753119e-03 2.000000000000000042e-02
3.294323965174819884e-03 3.964488584460974796e-03 2.000000000000000042e-02
3.272314418431928988e-03 6.031094057677539692e-03 2.000000000000000042e-02
5.196152422706630004e-03 4.999999999999999237e-03 2.000000000000000042e-02
1.696225379235136990e-03 6.995295621702626344e-03 2.000000000000000042e-02
6.998864233952285102e-03 1.693821434767736871e-03 2.000000000000000042e-02
8.119089959777376839e-03 6.847650871687175830e-03 2.000000000000000042e-02
3.163905351026035338e-03 1.882451620900602030e-03 2.000000000000000042e-02
8.254796004571353721e-03 3.158900949321988283e-03 2.000000000000000042e-02
3.141343485281809095e-03 8.177657612150016075e-03 2.000000000000000042e-02
6.942276967358649610e-03 8.383692320189352343e-03 2.000000000000000042e-02
6.146205209259525577e-03 3.316223633021805201e-03 2.000000000000000042e-02
6.111246918096528355e-03 6.800969479686984169e-03 2.000000000000000042e-02
6.823163033936776277e-03 5.234115135122346593e-03 2.000000000000000042e-02
8.535898384862242866e-03 1.464101615137755174e-03 2.000000000000000042e-02
1.464101615137753006e-03 1.464101615137755174e-03 2.000000000000000042e-02
1.464101615137753006e-03 8.535898384862244601e-03 2.000000000000000042e-02
8.535898384862242866e-03 8.535898384862244601e-03 2.000000000000000042e-02
4.582018644170679673e-03 3.103030287661161062e-03 2.000000000000000042e-02
4.581232296219056414e-03 6.897502242147207467e-03 2.000000000000000042e-02
4.939184515869156529e-03 0.000000000000000000e+00 1.132376043070340045e-02
4.999999999999998369e-03 0.000000000000000000e+00 1.826794919243112866e-02
1.637066120482570056e-03 0.000000000000000000e+00 1.488665085741266991e-02
8.362933879517427116e-03 0.000000000000000000e+00 1.488665085741266991e-02
3.008474738561750950e-03 0.000000000000000000e+00 1.830645590988833754e-02
3.964488584460973929e-03 0.000000000000000000e+00 1.670567603482518010e-02
6.031005302709477149e-03 0.000000000000000000e+00 1.672755452357613248e-02
4.999999999999998369e-03 0.000000000000000000e+00 1.480384757729336954e-02
6.995291771094888297e-03 0.000000000000000000e+00 1.830376893485308881e-02
8.306178565232262903e-03 0.000000000000000000e+00 1.300113576604771011e-02
1.693821434767734920e-03 0.000000000000000000e+00 1.300113576604771011e-02
8.176622949490064407e-03 0.000000000000000000e+00 1.685686129232082803e-02
6.859226860940229216e-03 0.000000000000000000e+00 1.172484642612064976e-02
1.882451620900601162e-03 0.000000000000000000e+00 1.683609464897396768e-02
3.157845613177554141e-03 0.000000000000000000e+00 1.186527814347427927e-02
6.687225910033412109e-03 0.000000000000000000e+00 1.389314418751605093e-02
3.214614339239135234e-03 0.000000000000000000e+00 1.387380714874807998e-02
4.768920018051223120e-03 0.000000000000000000e+00 1.317584298491641936e-02
1.464101615137753006e-03 0.000000000000000000e+00 1.146410161513775061e-02
8.535898384862246335e-03 0.000000000000000000e+00 1.146410161513775061e-02
1.464101615137753006e-03 0.000000000000000000e+00 1.853589838486225175e-02
8.535898384862242866e-03 0.000000000000000000e+00 1.853589838486225175e-02
6.896969712338837412e-03 0.000000000000000000e+00 1.541798135582932161e-02
3.103030287661158893e-03 0.000000000000000000e+00 1.541798135582932161e-02
1.637066120482570056e-03 1.000000000000000021e-02 1.488665085741266991e-02
8.362933879517427116e-03 1.000000000000000021e-02 1.488665085741266991e-02
4.999999999999998369e-03 1.000000000000000021e-02 1.826794919243112866e-02
4.939184515869156529e-03 1.000000000000000021e-02 1.132376043070340045e-02
3.008474738561750950e-03 1.000000000000000021e-02 1.830645590988833754e-02
3.964488584460973929e-03 1.000000000000000021e-02 1.670567603482518010e-02
6.031005302709477149e-03 1.000000000000000021e-02 1.672755452357613248e-02
4.999999999999998369e-03 1.000000000000000021e-02 1.480384757729336954e-02
6.995291771094888297e-03 1.000000000000000021e-02 1.830376893485308881e-02
8.306178565232262903e-03 1.000000000000000021e-02 1.300113576604771011e-02
1.693821434767734920e-03 1.000000000000000021e-02 1.300113576604771011e-02
8.176622949490064407e-03 1.000000000000000021e-02 1.685686129232082803e-02
6.859226860940229216e-03 1.000000000000000021e-02 1.172484642612064976e-02
1.882451620900601162e-03 1.000000000000000021e-02 1.683609464897396768e-02
3.157845613177554141e-03 1.000000000000000021e-02 1.186527814347427927e-02
6.687225910033412109e-03 1.000000000000000021e-02 1.389314418751605093e-02
3.214614339239135234e-03 1.000000000000000021e-02 1.387380714874807998e-02
4.768920018051223120e-03 1.000000000000000021e-02 1.317584298491641936e-02
1.464101615137753006e-03 1.000000000000000021e-02 1.146410161513775061e-02
8.535898384862246335e-03 1.000000000000000021e-02 1.146410161513775061e-02
1.464101615137753006e-03 1.000000000000000021e-02 1.853589838486225175e-02
8.535898384862242866e-03 1.000000000000000021e-02 1.853589838486225175e-02
6.896969712338837412e-03 1.000000000000000021e-02 1.541798135582932161e-02
3.103030287661158893e-03 1.000000000000000021e-02 1.541798135582932161e-02
0.000000000000000000e+00 8.372448438200789239e-03 5.096679054948581936e-03
0.000000000000000000e+00 1.637066120482570924e-03 5.113349142587333106e-03
0.000000000000000000e+00 5.080519843450139947e-03 8.664914703891413161e-03
0.000000000000000000e+00 5.000000000000000104e-03 1.732050807568878041e-03
0.000000000000000000e+00 3.008474738561753119e-03 1.693544090111664176e-03
0.000000000000000000e+00 3.964488584460974796e-03 3.294323965174820752e-03
0.000000000000000000e+00 6.031094057677539692e-03 3.272314418431931157e-03
0.000000000000000000e+00 4.999999999999999237e-03 5.196152422706631739e-03
0.000000000000000000e+00 6.995295621702626344e-03 1.696225379235138074e-03
0.000000000000000000e+00 1.693821434767736871e-03 6.998864233952286837e-03
0.000000000000000000e+00 6.847650871687175830e-03 8.119089959777378573e-03
0.000000000000000000e+00 1.882451620900602030e-03 3.163905351026036206e-03
0.000000000000000000e+00 3.158900949321988283e-03 8.254796004571355456e-03
0.000000000000000000e+00 8.177657612150016075e-03 3.141343485281811263e-03
0.000000000000000000e+00 8.383692320189352343e-03 6.942276967358652212e-03
0.000000000000000000e+00 3.316223633021805201e-03 6.146205209259527312e-03
0.000000000000000000e+00 6.800969479686984169e-03 6.111246918096530090e-03
0.000000000000000000e+00 5.234115135122346593e-03 6.823163033936778012e-03
0.000000000000000000e+00 1.464101615137755174e-03 8.535898384862246335e-03
0.000000000000000000e+00 8.535898384862244601e-03 1.464101615137755174e-03
0.000000000000000000e+00 1.464101615137755174e-03 1.464101615137755174e-03
0.000000000000000000e+00 8.535898384862244601e-03 8.535898384862244601e-03
0.000000000000000000e+00 3.103030287661161062e-03 4.582018644170681408e-03
0.000000000000000000e+00 6.897502242147207467e-03 4.581232296219058149e-03
5.113349142587333106e-03 1.637066120482570924e-03 0.000000000000000000e+00
5.113349142587333106e-03 8.362933879517427116e-03 0.000000000000000000e+00
8.676239569296599966e-03 4.939184515869159131e-03 0.000000000000000000e+00
1.732050807568878041e-03 5.000000000000000104e-03 0.000000000000000000e+00
1.693544090111664176e-03 3.008474738561753119e-03 0.000000000000000000e+00
3.294323965174820752e-03 3.964488584460974796e-03 0.000000000000000000e+00
3.272445476423868366e-03 6.031005302709478016e-03 0.000000000000000000e+00
5.196152422706631739e-03 4.999999999999999237e-03 0.000000000000000000e+00
1.696231065146909002e-03 6.995291771094890899e-03 0.000000000000000000e+00
6.998864233952286837e-03 1.693821434767736871e-03 0.000000000000000000e+00
6.998864233952286837e-03 8.306178565232266373e-03 0.000000000000000000e+00
8.275153573879345456e-03 6.859226860940231818e-03 0.000000000000000000e+00
3.163905351026036206e-03 1.882451620900602030e-03 0.000000000000000000e+00
3.143138707679165884e-03 8.176622949490066142e-03 0.000000000000000000e+00
8.134721856525715944e-03 3.157845613177555008e-03 0.000000000000000000e+00
6.106855812483947751e-03 6.687225910033412976e-03 0.000000000000000000e+00
6.126192851251920438e-03 3.214614339239136101e-03 0.000000000000000000e+00
6.824157015083580184e-03 4.768920018051223987e-03 0.000000000000000000e+00
8.535898384862246335e-03 1.464101615137755174e-03 0.000000000000000000e+00
8.535898384862246335e-03 8.535898384862248070e-03 0.000000000000000000e+00
1.464101615137755174e-03 1.464101615137755174e-03 0.000000000000000000e+00
1.464101615137755174e-03 8.535898384862244601e-03 0.000000000000000000e+00
4.582018644170681408e-03 3.103030287661161062e-03 0.000000000000000000e+00
4.582018644170682276e-03 6.896969712338838279e-03 0.000000000000000000e+00
1.000000000000000021e-02 1.637066120482570924e-03 5.113349142587333106e-03
1.000000000000000021e-02 8.372448438200789239e-03 5.096679054948581936e-03
9.999999999999998473e-03 5.080519843450139947e-03 8.664914703891413161e-03
1.000000000000000021e-02 5.000000000000000104e-03 1.732050807568878041e-03
1.000000000000000021e-02 3.008474738561753119e-03 1.693544090111664176e-03
1.000000000000000021e-02 3.964488584460974796e-03 3.294323965174820752e-03
1.000000000000000021e-02 6.031094057677539692e-03 3.272314418431931157e-03
1.000000000000000021e-02 4.999999999999999237e-03 5.196152422706631739e-03
1.000000000000000021e-02 6.995295621702626344e-03 1.696225379235138074e-03
1.000000000000000021e-02 1.693821434767736871e-03 6.998864233952286837e-03
9.999999999999998473e-03 6.847650871687175830e-03 8.119089959777378573e-03
1.000000000000000021e-02 1.882451620900602030e-03 3.163905351026036206e-03
9.999999999999998473e-03 3.158900949321988283e-03 8.254796004571355456e-03
1.000000000000000021e-02 8.177657612150016075e-03 3.141343485281811263e-03
1.000000000000000021e-02 8.383692320189352343e-03 6.942276967358652212e-03
1.000000000000000021e-02 3.316223633021805201e-03 6.146205209259527312e-03
1.000000000000000021e-02 6.800969479686984169e-03 6.111246918096530090e-03
1.000000000000000021e-02 5.234115135122346593e-03 6.823163033936778012e-03
9.999999999999998473e-03 1.464101615137755174e-03 8.535898384862246335e-03
1.000000000000000021e-02 1.464101615137755174e-03 1.464101615137755174e-03
1.000000000000000021e-02 8.535898384862244601e-03 1.464101615137755174e-03
9.999999999999998473e-03 8.535898384862244601e-03 8.535898384862244601e-03
1.000000000000000021e-02 3.103030287661161062e-03 4.582018644170681408e-03
1.000000000000000021e-02 6.897502242147207467e-03 4.581232296219058149e-03
1.335085296108587914e-03 0.000000000000000000e+00 4.919480156549861129e-03
8.267949192431123251e-03 0.000000000000000000e+00 5.000000000000000104e-03
4.903320945051419140e-03 0.000000000000000000e+00 1.627551561799210102e-03
4.886650857412665368e-03 0.000000000000000000e+00 8.362933879517427116e-03
8.306455909888335598e-03 0.000000000000000000e+00 3.008474738561753119e-03
6.705807092817116233e-03 0.000000000000000000e+00 3.964399829492913988e-03
6.727576366574787754e-03 0.000000000000000000e+00 6.030990510214800926e-03
4.803847577293368469e-03 0.000000000000000000e+00 4.999999999999999237e-03
3.001135766047711203e-03 0.000000000000000000e+00 8.306178565232264638e-03
1.880910040222622068e-03 0.000000000000000000e+00 3.152349128312823944e-03
8.303769882505054184e-03 0.000000000000000000e+00 6.995291129326935281e-03
6.838607148057152495e-03 0.000000000000000000e+00 1.881003643263488932e-03
6.856863617897426301e-03 0.000000000000000000e+00 8.176621374565307826e-03
1.745203995428644102e-03 0.000000000000000000e+00 6.841099050678012793e-03
3.057723032641347996e-03 0.000000000000000000e+00 1.616307679810646998e-03
3.853794790740471161e-03 0.000000000000000000e+00 6.683776366978195008e-03
3.888753081903470986e-03 0.000000000000000000e+00 3.199030520313015172e-03
3.176836966063221329e-03 0.000000000000000000e+00 4.765884864877652748e-03
8.535898384862246335e-03 0.000000000000000000e+00 1.464101615137753873e-03
8.535898384862244601e-03 0.000000000000000000e+00 8.535898384862246335e-03
1.464101615137753873e-03 0.000000000000000000e+00 8.535898384862244601e-03
1.464101615137755174e-03 0.000000000000000000e+00 1.464101615137753873e-03
5.417981355829317065e-03 0.000000000000000000e+00 6.896969712338838279e-03
5.418767703780943794e-03 0.000000000000000000e+00 3.102497757852790139e-03
1.335085296108587914e-03 1.000000000000000021e-02 4.919480156549861129e-03
8.267949192431123251e-03 1.000000000000000021e-02 5.000000000000000104e-03
4.903320945051419140e-03 1.000000000000000021e-02 1.627551561799210102e-03
4.886650857412665368e-03 1.000000000000000021e-02 8.362933879517427116e-03
8.306455909888335598e-03 1.000000000000000021e-02 3.008474738561753119e-03
6.705807092817116233e-03 1.000000000000000021e-02 3.964399829492913988e-03
6.727576366574787754e-03 1.000000000000000021e-02 6.030990510214800926e-03
4.803847577293368469e-03 1.000000000000000021e-02 4.999999999999999237e-03
3.001135766047711203e-03 1.000000000000000021e-02 8.306178565232264638e-03
1.880910040222622068e-03 1.000000000000000021e-02 3.152349128312823944e-03
8.303769882505054184e-03 1.000000000000000021e-02 6.995291129326935281e-03
6.838607148057152495e-03 1.000000000000000021e-02 1.881003643263488932e-03
6.856863617897426301e-03 1.000000000000000021e-02 8.176621374565307826e-03
1.745203995428644102e-03 1.000000000000000021e-02 6.841099050678012793e-03
3.057723032641347996e-03 1.000000000000000021e-02 1.616307679810646998e-03
3.853794790740471161e-03 1.000000000000000021e-02 6.683776366978195008e-03
3.888753081903470986e-03 1.000000000000000021e-02 3.199030520313015172e-03
3.176836966063221329e-03 1.000000000000000021e-02 4.765884864877652748e-03
8.535898384862246335e-03 1.000000000000000021e-02 1.464101615137753873e-03
8.535898384862244601e-03 1.000000000000000021e-02 8.535898384862246335e-03
1.464101615137753873e-03 1.000000000000000021e-02 8.535898384862244601e-03
1.464101615137755174e-03 1.000000000000000021e-02 1.464101615137753873e-03
5.417981355829317065e-03 1.000000000000000021e-02 6.896969712338838279e-03
5.418767703780943794e-03 1.000000000000000021e-02 3.102497757852790139e-03
4.999999999999998369e-03 4.999999999999999237e-03 1.499999999999999944e-02
3.138371035111983676e-03 6.861628964888014798e-03 1.313878621091192113e-02
6.861522891045905570e-03 6.866732156760611827e-03 1.313755317575055100e-02
3.000057970832996444e-03 6.999942029167001596e-03 1.641887106160732149e-02
3.000057970832996444e-03 3.000057970832997311e-03 1.641887106160732149e-02
3.116970148716851925e-03 3.125123159317029237e-03 1.323153073025078001e-02
6.999942029167000729e-03 3.000057970832997311e-03 1.641887106160732149e-02
7.011264609058972218e-03 7.011489728000713621e-03 1.622934805015150209e-02
6.875364673999080634e-03 3.117211633656210776e-03 1.323118349470147129e-02
4.292797607240064761e-03 5.000000000000000104e-03 1.753159146983012881e-02
5.067343828184502075e-03 7.555160948770958500e-03 1.766308275544949125e-02
4.999333261662356614e-03 4.657971215169625506e-03 1.248273446775064952e-02
4.999603683086588195e-03 7.492093932461123956e-03 1.470039511442021961e-02
7.493168642528839733e-03 5.032819346721542110e-03 1.472778988357185091e-02
2.506474420790447046e-03 5.035449752694849158e-03 1.473688833557629946e-02
4.995012881770523848e-03 2.505189239530170985e-03 1.476964809562775031e-02
4.999999999999998369e-03 2.369201961084943867e-03 1.767205240748452241e-02
7.876373563655480678e-03 4.972683256083933016e-03 1.226292862969961990e-02
4.998284830272353013e-03 7.841528346445849826e-03 1.216432920199570986e-02
2.116332284609795215e-03 4.976265617169069871e-03 1.226244288952643008e-02
7.599299391101758082e-03 5.066784431250423784e-03 1.765092446223561276e-02
4.994564713575125152e-03 2.406348103431895855e-03 1.217081076695619886e-02
2.038171302818774042e-03 4.999999999999999237e-03 1.704638377145428069e-02
7.784619378097382830e-03 7.983071277058020193e-03 1.802556339419914000e-02
2.091596452632646028e-03 7.908403547367352446e-03 1.469638116651914017e-02
7.927274903001605560e-03 2.072725096998392913e-03 1.475011800186443005e-02
2.072696519038724934e-03 2.072696519038727102e-03 1.475019937858917940e-02
7.954203425572292652e-03 7.948630556808073538e-03 1.458689046292352062e-02
7.819730659143542262e-03 1.938068326233873071e-03 1.806054433065099746e-02
1.937837498443475059e-03 2.182950542544184400e-03 1.806216250155652861e-02
1.938603356824828046e-03 7.819602397290362217e-03 1.806139558437730094e-02
1.873276572791761178e-03 1.873276572791763130e-03 1.218863137927376009e-02
8.126872371739517903e-03 1.873127628260480137e-03 1.218865364000937083e-02
1.862557262836884130e-03 8.137442737163115211e-03 1.219023345034547096e-02
8.165320240158972787e-03 8.128693295664086299e-03 1.222928891538957973e-02
5.000000000000000104e-03 5.000000000000000971e-03 5.000000000000000104e-03
6.857294065967902905e-03 6.879249230958044831e-03 6.861188109204437863e-03
3.136003557420001704e-03 6.861033382542723082e-03 6.860553060408001655e-03
6.877792888382077731e-03 3.126322028249842958e-03 3.146407712548621172e-03
3.125653934041643881e-03 3.143864191706684935e-03 3.125653934041643881e-03
3.125633323322800448e-03 6.856113626264193767e-03 3.125605067834409147e-03
3.140994927608916146e-03 3.144423362058692845e-03 6.880154747524081134e-03
7.045080708275714559e-03 3.777968152951734215e-03 6.999129574896212867e-03
6.875897103126536562e-03 6.873023723290504552e-03 3.140126247540321169e-03
5.563189666539587047e-03 2.474058219199617124e-03 5.298914279158720500e-03
7.514829979226081945e-03 5.002639222805392756e-03 4.720054389816566616e-03
4.721390806286514773e-03 4.999989338706755174e-03 2.485222449039584201e-03
2.485221812776988205e-03 5.000006358905563671e-03 4.721374587710482247e-03
5.275907654510829034e-03 7.514671568268488366e-03 4.991636411445072273e-03
4.717483110310374296e-03 5.008188332042379058e-03 7.503526345059761092e-03
5.276295983994214525e-03 2.268194465220114021e-03 7.674887607807582071e-03
2.258661970510693427e-03 2.117305723843172782e-03 5.006631166070140380e-03
2.251276329371342238e-03 7.885568278879276360e-03 4.994168368070755516e-03
4.992164973801669833e-03 7.750256557745479648e-03 7.890110217961638847e-03
2.109462973918423221e-03 5.005995044302916433e-03 7.751770220281404070e-03
7.870419038092242928e-03 2.516373615490489872e-03 5.251402126242722505e-03
5.002506663956552378e-03 2.209145460384990146e-03 2.211765482906827892e-03
5.000155774674646530e-03 7.791652252049840674e-03 2.210659735425965153e-03
7.810338993136285018e-03 7.774961257130462260e-03 5.003871543944132805e-03
2.211044889231974196e-03 4.999971791919423023e-03 2.211044889231974196e-03
7.916965125098537198e-03 4.999166037965914466e-03 2.527039004497611072e-03
8.001550959846948086e-03 1.997126389878040118e-03 7.828618896670115623e-03
8.029447892031178410e-03 5.437838990349415716e-03 7.918048430742719718e-03
8.166760558579415699e-03 8.131716426527622887e-03 7.770422346741639660e-03
2.194432685832835902e-03 1.860551400931165006e-03 8.142987096099037550e-03
1.855061951043508999e-03 2.195248235488142345e-03 1.855061951043508999e-03
1.847836948928703029e-03 8.152163051071296962e-03 7.768469498829676419e-03
1.855886409431216095e-03 7.807138939642255422e-03 1.855885101647926014e-03
7.809091401180198212e-03 1.858039906591074045e-03 1.858039906591074045e-03
7.808911728452936837e-03 8.143162267075237590e-03 1.856837732924762185e-03
3.806818530742561019e-03 3.389847868051015269e-03 4.994292824150908111e-03
1 112 13
20 112 1
16 111 2
2 111 28
3 113 17
21 113 3
4 114 24
25 114 4
13 103 14
13 112 103
14 93 15
14 103 93
15 107 16
93 107 15
107 111 16
17 106 18
17 113 106
18 96 19
18 106 96
19 104 20
96 104 19
104 112 20
22 102 21
102 113 21
23 94 22
94 102 22
24 105 23
23 105 94
24 114 105
26 97 25
97 114 25
27 95 26
95 97 26
28 101 27
27 101 95
28 111 101
103 108 93
93 115 107
108 115 93
94 109 102
105 116 94
94 116 109
95 98 97
95 99 98
95 101 99
96 110 104
106 110 96
98 105 97
105 114 97
99 100 98
100 116 98
98 116 105
99 115 100
101 107 99
107 115 99
108 110 100
100 115 108
100 110 109
109 116 100
101 111 107
102 109 106
106 113 102
104 108 103
103 112 104
104 110 108
109 110 106
36 5 160
5 41 160
6 33 161
49 6 161
44 7 159
7 48 159
45 8 162
8 52 162
33 34 153
33 153 161
34 35 142
34 142 153
35 36 151
142 35 151
151 36 160
41 42 154
41 154 160
42 43 144
42 144 154
43 44 155
144 43 155
155 44 159
46 45 145
145 45 162
47 46 141
141 46 145
48 47 149
47 141 149
48 149 159
50 49 150
150 49 161
51 50 143
143 50 150
52 51 152
51 143 152
52 152 162
141 145 146
141 146 147
141 147 149
142 151 158
153 142 158
143 150 156
152 143 163
143 156 163
154 144 157
144 155 164
157 144 164
146 145 152
152 145 162
147 146 148
148 146 163
146 152 163
147 148 164
149 147 155
155 147 164
148 156 158
156 148 163
157 148 158
148 157 164
149 155 159
150 153 156
153 150 161
151 154 157
154 151 160
151 157 158
156 153 158
28 185 2
2 185 53
4 184 25
57 184 4
7 186 48
56 186 7
45 183 8
8 183 60
25 169 26
25 184 169
26 168 27
26 169 168
27 173 28
168 173 27
173 185 28
46 177 45
177 183 45
47 167 46
167 177 46
48 175 47
47 175 167
48 186 175
53 178 54
53 185 178
54 166 55
54 178 166
55 179 56
166 179 55
179 186 56
58 176 57
176 184 57
59 165 58
165 176 58
60 174 59
59 174 165
60 183 174
174 180 165
165 187 176
180 187 165
178 188 166
166 181 179
166 188 181
175 182 167
167 182 177
169 170 168
170 171 168
171 173 168
169 176 170
169 184 176
170 172 171
170 187 172
176 187 170
172 188 171
171 178 173
171 188 178
180 182 172
172 187 180
172 182 181
181 188 172
178 185 173
177 180 174
174 183 177
179 181 175
175 186 179
181 182 175
177 182 180
3 207 21
37 207 3
24 209 4
4 209 57
6 208 40
49 208 6
8 210 52
60 210 8
21 199 22
21 207 199
22 191 23
22 199 191
23 202 24
191 202 23
202 209 24
38 203 37
203 207 37
39 189 38
189 203 38
40 201 39
39 201 189
40 208 201
50 198 49
198 208 49
51 192 50
192 198 50
52 200 51
51 200 192
52 210 200
57 193 58
57 209 193
58 190 59
58 193 190
59 197 60
190 197 59
197 210 60
201 206 189
189 206 203
193 194 190
194 195 190
195 197 190
199 205 191
191 212 202
205 212 191
192 204 198
200 211 192
192 211 204
193 202 194
193 209 202
194 196 195
194 212 196
202 212 194
196 211 195
195 200 197
195 211 200
196 206 204
204 211 196
205 206 196
196 212 205
200 210 197
198 204 201
201 208 198
203 205 199
199 207 203
204 206 201
203 206 205
1 13 231
29 1 231
16 2 233
2 53 233
5 32 232
41 5 232
7 44 234
56 7 234
13 14 223
13 223 231
14 15 213
14 213 223
15 16 226
213 15 226
226 16 233
30 29 227
227 29 231
31 30 216
216 30 227
32 31 225
31 216 225
32 225 232
42 41 222
222 41 232
43 42 214
214 42 222
44 43 224
43 214 224
44 224 234
53 54 217
53 217 233
54 55 215
54 215 217
55 56 221
215 55 221
221 56 234
223 213 229
213 226 236
229 213 236
214 222 228
224 214 235
214 228 235
217 215 218
218 215 219
219 215 221
225 216 230
216 227 230
217 218 226
217 226 233
218 219 220
218 220 236
226 218 236
220 219 235
219 221 224
219 224 235
220 228 230
228 220 235
229 220 230
220 229 236
224 221 234
222 225 228
225 222 232
227 223 229
223 227 231
228 225 230
227 229 230
1 258 20
64 258 1
17 255 3
3 255 72
9 256 61
68 256 9
10 257 65
69 257 10
18 249 17
249 255 17
19 239 18
239 249 18
20 247 19
19 247 239
20 258 247
61 250 62
61 256 250
62 237 63
62 250 237
63 251 64
237 251 63
251 258 64
65 241 66
65 257 241
66 240 67
66 241 240
67 245 68
240 245 67
245 256 68
70 248 69
248 257 69
71 238 70
238 248 70
72 246 71
71 246 238
72 255 246
250 260 237
237 253 251
237 260 253
246 252 238
238 259 248
252 259 238
247 254 239
239 254 249
241 242 240
242 243 240
243 245 240
241 248 242
241 257 248
242 244 243
242 259 244
248 259 242
244 260 243
243 250 245
243 260 250
252 254 244
244 259 252
244 254 253
253 260 244
250 256 245
249 252 246
246 255 249
251 253 247
247 258 251
253 254 247
249 254 252
68 9 282
9 73 282
10 65 281
81 10 281
76 11 280
11 80 280
77 12 279
12 84 279
65 66 265
65 265 281
66 67 264
66 264 265
67 68 269
264 67 269
269 68 282
73 74 274
73 274 282
74 75 262
74 262 274
75 76 271
262 75 271
271 76 280
78 77 275
275 77 279
79 78 263
263 78 275
80 79 272
79 263 272
80 272 280
82 81 273
273 81 281
83 82 261
261 82 273
84 83 270
83 261 270
84 270 279
270 261 277
261 273 283
277 261 283
262 271 276
274 262 284
262 276 284
272 263 278
263 275 278
265 264 266
266 264 267
267 264 269
265 266 273
265 273 281
266 267 268
266 268 283
273 266 283
268 267 284
267 269 274
267 274 284
268 276 278
276 268 284
277 268 278
268 277 283
274 269 282
275 270 277
270 275 279
271 272 276
272 271 280
276 272 278
275 277 278
5 36 306
88 5 306
33 6 303
6 92 303
80 11 305
11 85 305
12 77 304
89 12 304
34 33 297
297 33 303
35 34 287
287 34 297
36 35 295
35 287 295
36 295 306
77 78 289
77 289 304
78 79 288
78 288 289
79 80 293
288 79 293
293 80 305
85 86 298
85 298 305
86 87 286
86 286 298
87 88 299
286 87 299
299 88 306
90 89 296
296 89 304
91 90 285
285 90 296
92 91 294
91 285 294
92 294 303
294 285 300
285 296 307
300 285 307
298 286 308
286 299 301
286 301 308
295 287 302
287 297 302
289 288 290
290 288 291
291 288 293
289 290 296
289 296 304
290 291 292
290 292 307
296 290 307
292 291 308
291 293 298
291 298 308
300 292 302
292 300 307
292 301 302
301 292 308
298 293 305
297 294 300
294 297 303
299 295 301
295 299 306
301 295 302
297 300 302
3 329 37
72 329 3
40 328 6
6 328 92
10 330 69
81 330 10
12 327 84
89 327 12
37 317 38
37 329 317
38 312 39
38 317 312
39 321 40
312 321 39
321 328 40
69 318 70
69 330 318
70 309 71
70 318 309
71 322 72
309 322 71
322 329 72
82 323 81
323 330 81
83 311 82
311 323 82
84 320 83
83 320 311
84 327 320
90 313 89
313 327 89
91 310 90
310 313 90
92 319 91
91 319 310
92 328 319
318 326 309
309 326 322
310 314 313
310 315 314
310 319 315
320 332 311
311 325 323
311 332 325
317 324 312
312 331 321
324 331 312
314 320 313
320 327 313
315 316 314
316 332 314
314 332 320
315 331 316
319 321 315
321 331 315
324 326 316
316 331 324
316 326 325
325 332 316
322 324 317
317 329 322
323 325 318
318 330 323
325 326 318
319 328 321
322 326 324
1 29 353
64 1 353
32 5 352
5 88 352
9 61 354
73 9 354
11 76 351
85 11 351
29 30 341
29 341 353
30 31 336
30 336 341
31 32 345
336 31 345
345 32 352
61 62 342
61 342 354
62 63 333
62 333 342
63 64 346
333 63 346
346 64 353
74 73 347
347 73 354
75 74 335
335 74 347
76 75 344
75 335 344
76 344 351
86 85 337
337 85 351
87 86 334
334 86 337
88 87 343
87 334 343
88 343 352
342 333 350
333 346 350
334 337 338
334 338 339
334 339 343
344 335 356
335 347 349
335 349 356
341 336 348
336 345 355
348 336 355
338 337 344
344 337 351
339 338 340
340 338 356
338 344 356
339 340 355
343 339 345
345 339 355
348 340 350
340 348 355
340 349 350
349 340 356
346 341 348
341 346 353
347 342 349
342 347 354
349 342 350
343 345 352
346 348 350
