0.000000000000000000e+00
0.000000000000000000e+00
0.000000000000000000e+00
0.000000000000000000e+00
0.000000000000000000e+00
0.000000000000000000e+00
0.000000000000000000e+00
0.000000000000000000e+00
0.000000000000000000e+00
0.000000000000000000e+00
0.000000000000000000e+00
0.000000000000000000e+00
0.000000000000000000e+00
0.000000000000000000e+00
0.000000000000000000e+00
0.000000000000000000e+00
0.000000000000000000e+00
0.000000000000000000e+00
0.000000000000000000e+00
0.000000000000000000e+00
0.000000000000000000e+00
0.000000000000000000e+00
0.000000000000000000e+00
0.000000000000000000e+00
0.000000000000000000e+00
0.000000000000000000e+00
0.000000000000000000e+00
0.000000000000000000e+00
-1.544607435177272464e+03
0.000000000000000000e+00
1.455191522836685181e-11
1.455191522836685181e-11
0.000000000000000000e+00
0.000000000000000000e+00
0.000000000000000000e+00
0.000000000000000000e+00
-1.899459452755679195e+03
-1.818989403545856476e-12
2.728484105318784714e-12
1.091393642127513885e-11
0.000000000000000000e+00
0.000000000000000000e+00
0.000000000000000000e+00
0.000000000000000000e+00
0.000000000000000000e+00
0.000000000000000000e+00
0.000000000000000000e+00
0.000000000000000000e+00
0.000000000000000000e+00
0.000000000000000000e+00
0.000000000000000000e+00
0.000000000000000000e+00
9.763733481201772520e+03
-1.455191522836685181e-11
-7.730704965069890022e-12
-1.455191522836685181e-11
6.157607524417719105e+03
-1.455191522836685181e-11
-1.818989403545856476e-11
0.000000000000000000e+00
0.000000000000000000e+00
0.000000000000000000e+00
0.000000000000000000e+00
0.000000000000000000e+00
0.000000000000000000e+00
0.000000000000000000e+00
0.000000000000000000e+00
0.000000000000000000e+00
0.000000000000000000e+00
0.000000000000000000e+00
0.000000000000000000e+00
0.000000000000000000e+00
-1.508536515040691484e+02
0.000000000000000000e+00
4.547473508864641190e-13
5.684341886080801487e-14
0.000000000000000000e+00
0.000000000000000000e+00
0.000000000000000000e+00
0.000000000000000000e+00
6.711089824221321578e+02
-4.547473508864641190e-13
-2.842170943040400743e-13
-7.105427357601001859e-13
0.000000000000000000e+00
0.000000000000000000e+00
0.000000000000000000e+00
0.000000000000000000e+00
0.000000000000000000e+00
0.000000000000000000e+00
0.000000000000000000e+00
0.000000000000000000e+00
0.000000000000000000e+00
0.000000000000000000e+00
0.000000000000000000e+00
0.000000000000000000e+00
0.000000000000000000e+00
0.000000000000000000e+00
0.000000000000000000e+00
0.000000000000000000e+00
0.000000000000000000e+00
0.000000000000000000e+00
0.000000000000000000e+00
0.000000000000000000e+00
0.000000000000000000e+00
0.000000000000000000e+00
0.000000000000000000e+00
0.000000000000000000e+00
0.000000000000000000e+00
0.000000000000000000e+00
0.000000000000000000e+00
0.000000000000000000e+00
0.000000000000000000e+00
0.000000000000000000e+00
0.000000000000000000e+00
0.000000000000000000e+00
7.275957614183425903e-12
2.424078731190387771e+04
3.637978807091712952e-12
3.637978807091712952e-12
3.637978807091712952e-12
1.818989403545856476e-12
1.455191522836685181e-11
-3.637978807091712952e-12
7.459028594187126146e+03
0.000000000000000000e+00
-1.818989403545856476e-12
2.182787284255027771e-11
-1.091393642127513885e-11
2.182787284255027771e-11
7.300066250404481252e+03
-1.091393642127513885e-11
1.818989403545856476e-12
0.000000000000000000e+00
7.275957614183425903e-12
-3.637978807091712952e-12
1.599625488239570041e+04
9.709555230445621419e+03
-3.637978807091712952e-12
-1.091393642127513885e-11
0.000000000000000000e+00
0.000000000000000000e+00
0.000000000000000000e+00
0.000000000000000000e+00
0.000000000000000000e+00
0.000000000000000000e+00
0.000000000000000000e+00
0.000000000000000000e+00
0.000000000000000000e+00
0.000000000000000000e+00
0.000000000000000000e+00
0.000000000000000000e+00
0.000000000000000000e+00
0.000000000000000000e+00
0.000000000000000000e+00
0.000000000000000000e+00
0.000000000000000000e+00
0.000000000000000000e+00
0.000000000000000000e+00
0.000000000000000000e+00
0.000000000000000000e+00
0.000000000000000000e+00
0.000000000000000000e+00
0.000000000000000000e+00
-7.275957614183425903e-12
0.000000000000000000e+00
9.094947017729282379e-12
8.346223139789814013e+03
1.248909291300882614e+04
-1.455191522836685181e-11
-1.455191522836685181e-11
-3.637978807091712952e-12
2.686107279382119668e+04
2.910383045673370361e-11
3.637978807091712952e-12
1.455191522836685181e-11
1.818989403545856476e-11
-1.455191522836685181e-11
-2.182787284255027771e-11
0.000000000000000000e+00
7.275957614183425903e-12
-7.275957614183425903e-12
1.455191522836685181e-11
3.045574827821533836e+04
2.381412922802350658e+04
-7.275957614183425903e-12
0.000000000000000000e+00
-3.637978807091712952e-12
-2.182787284255027771e-11
0.000000000000000000e+00
2.942340444684192335e+04
7.275957614183425903e-12
2.910383045673370361e-11
-2.910383045673370361e-11
1.818989403545856476e-12
9.094947017729282379e-12
-3.637978807091712952e-12
1.455191522836685181e-11
3.277093519897226361e+04
4.365574568510055542e-11
-7.275957614183425903e-12
2.826009984467173490e+04
7.275957614183425903e-12
-2.182787284255027771e-11
0.000000000000000000e+00
-7.275957614183425903e-12
3.290538191703776829e+04
-4.365574568510055542e-11
1.617044813896127744e+04
1.455191522836685181e-11
-1.455191522836685181e-11
7.275957614183425903e-12
2.433557542605559502e+04
1.818989403545856476e-12
-1.455191522836685181e-11
7.275957614183425903e-12
-1.455191522836685181e-11
-7.275957614183425903e-12
0.000000000000000000e+00
-7.275957614183425903e-12
-1.455191522836685181e-11
-1.455191522836685181e-11
1.485927369195196115e+04
7.275957614183425903e-12
-2.182787284255027771e-11
1.682824531286922866e+04
3.637978807091712952e-11
-1.455191522836685181e-11
0.000000000000000000e+00
-7.275957614183425903e-12
2.125637526681672171e+04
-2.182787284255027771e-11
1.984573090561918070e+04
-2.910383045673370361e-11
-7.275957614183425903e-12
-7.275957614183425903e-12
0.000000000000000000e+00
0.000000000000000000e+00
0.000000000000000000e+00
0.000000000000000000e+00
0.000000000000000000e+00
0.000000000000000000e+00
0.000000000000000000e+00
0.000000000000000000e+00
0.000000000000000000e+00
0.000000000000000000e+00
0.000000000000000000e+00
0.000000000000000000e+00
0.000000000000000000e+00
0.000000000000000000e+00
0.000000000000000000e+00
0.000000000000000000e+00
0.000000000000000000e+00
0.000000000000000000e+00
0.000000000000000000e+00
0.000000000000000000e+00
0.000000000000000000e+00
0.000000000000000000e+00
0.000000000000000000e+00
0.000000000000000000e+00
4.547473508864641190e-13
2.273736754432320595e-13
0.000000000000000000e+00
1.046719341691014961e+03
8.922610075493953445e+02
0.000000000000000000e+00
9.094947017729282379e-13
-2.273736754432320595e-13
7.398676116674469085e+02
-1.136868377216160297e-13
-2.842170943040400743e-13
-2.700062395888380706e-13
-2.273736754432320595e-13
-4.547473508864641190e-13
-2.046363078989088535e-12
7.274181257344025653e-13
-1.023181539494544268e-12
0.000000000000000000e+00
-2.273736754432320595e-13
4.547473508864641190e-13
1.420929784715501000e+03
6.833011056787797770e+02
-4.547473508864641190e-13
0.000000000000000000e+00
0.000000000000000000e+00
0.000000000000000000e+00
0.000000000000000000e+00
0.000000000000000000e+00
0.000000000000000000e+00
0.000000000000000000e+00
0.000000000000000000e+00
0.000000000000000000e+00
0.000000000000000000e+00
0.000000000000000000e+00
0.000000000000000000e+00
0.000000000000000000e+00
0.000000000000000000e+00
0.000000000000000000e+00
0.000000000000000000e+00
0.000000000000000000e+00
0.000000000000000000e+00
0.000000000000000000e+00
0.000000000000000000e+00
0.000000000000000000e+00
0.000000000000000000e+00
0.000000000000000000e+00
0.000000000000000000e+00
0.000000000000000000e+00
1.714469786536942593e+03
-2.273736754432320595e-13
9.094947017729282379e-13
-4.547473508864641190e-13
1.364242052659392357e-12
3.410605131648480892e-13
0.000000000000000000e+00
7.958078640513122082e-13
-4.547473508864641190e-13
1.097036820416211185e+03
9.094947017729282379e-13
4.547473508864641190e-13
0.000000000000000000e+00
1.066379081769650384e+03
9.094947017729282379e-13
4.547473508864641190e-13
1.136868377216160297e-13
0.000000000000000000e+00
-3.979039320256561041e-13
9.094947017729282379e-13
2.051608224665475973e+03
3.279451069675733379e+02
-6.821210263296961784e-13
4.547473508864641190e-13
6.427522403643738471e+02
4.547473508864641190e-13
-4.547473508864641190e-13
-9.094947017729282379e-13
1.136868377216160297e-12
7.958078640513122082e-13
3.410605131648480892e-13
-4.547473508864641190e-13
0.000000000000000000e+00
2.010889450968061283e+02
2.273736754432320595e-13
6.821210263296961784e-13
0.000000000000000000e+00
8.752674806640422958e+02
1.818989403545856476e-12
-6.821210263296961784e-13
4.547473508864641190e-13
-4.547473508864641190e-13
1.250555214937776327e-12
-9.094947017729282379e-13
7.472070954638882085e+02
2.026836985411341175e+03
0.000000000000000000e+00
-2.273736754432320595e-13
-1.455191522836685181e-11
4.403849245347897522e+03
0.000000000000000000e+00
1.388712877193633904e+04
8.187127598870974907e+03
3.491763640297467646e+03
-7.275957614183425903e-12
2.182787284255027771e-11
-7.275957614183425903e-12
1.455191522836685181e-11
-3.637978807091712952e-12
-3.637978807091712952e-12
7.275957614183425903e-12
-7.275957614183425903e-12
1.359096684129486675e+04
1.818989403545856476e-11
0.000000000000000000e+00
0.000000000000000000e+00
-1.455191522836685181e-11
1.104139682883227579e+04
3.637978807091712952e-12
0.000000000000000000e+00
2.196002257217933220e+04
1.455191522836685181e-11
1.284057719071429892e+04
-3.637978807091712952e-12
9.857528126379060268e+03
-2.273736754432320595e-12
1.455191522836685181e-11
1.144509073890425861e+04
1.041595564970117266e+04
1.276486172888895817e+04
0.000000000000000000e+00
1.664456553040674771e+04
1.455191522836685181e-11
-5.684341886080801487e-13
6.821210263296961784e-13
3.538286093034375881e+02
-2.984279490192420781e-13
4.117998977832822902e+02
6.361885304215602446e+02
4.926820103913547655e+02
-2.273736754432320595e-13
2.273736754432320595e-13
2.557953848736360669e-13
0.000000000000000000e+00
-2.842170943040400743e-13
5.580106697514424923e+02
0.000000000000000000e+00
-3.979039320256561041e-13
-2.273736754432320595e-13
4.330103644960701104e+02
4.770139421677536120e+02
-2.273736754432320595e-13
5.710666617299004884e+02
5.826450433232821524e-13
2.984279490192420781e-13
2.771116669464390725e-13
-1.456612608308205381e-13
5.709518565009916529e+02
-4.689582056016661227e-13
4.547473508864641190e-13
-4.547473508864641190e-13
0.000000000000000000e+00
9.197904773237066820e+02
6.079240815238254072e+02
1.028315047146416418e+03
7.128848394986944186e+02
-4.547473508864641190e-13
9.094947017729282379e-13
4.547473508864641190e-13
